%YAML:1.0
---
R: !!opencv-matrix
   rows: 3
   cols: 3
   dt: d
   data: [ -0.329385426473075, -0.94418189806180775,
       -0.0050778144464850294, -0.46221321583856817, 0.16593159869713892,
       -0.87110599105848263, 0.82332507791960274, -0.28458258542330772,
       -0.4910688018419273 ]
t: !!opencv-matrix
   rows: 3
   cols: 1
   dt: d
   data: [ 174.52313301129317, 14.167644231844008, 252.43405127650712 ]
projection_matrix: !!opencv-matrix
   rows: 3
   cols: 4
   dt: d
   data: [ 277.21829442214579, -896.32953656807365, -317.82969599363184,
       293449.7855733328, -71.24843602772394, 29.295140877938465,
       -825.50185237472112, 96142.19420199981, 0.82332507791960274,
       -0.28458258542330772, -0.4910688018419273, 252.43405127650712 ]
