%YAML:1.0
---
projection_matrix: !!opencv-matrix
   rows: 3
   cols: 4
   dt: d
   data: [ 100.38554897486536, -456.76659148157466, -151.90247863285805,
       140394.60787766302, -42.895217950830656, 8.9683836620368265,
       -405.29014078388946, 47162.830977203696, 0.78614190682156382,
       -0.36290697580849218, -0.50027935121139078, 262.08201152199638 ]
R: !!opencv-matrix
   rows: 3
   cols: 3
   dt: d
   data: [ -0.4069845411684706, -0.91314874608756003,
       0.022868116857452325, -0.46512846138335262, 0.18562837721709202,
       -0.86556202549725092, 0.78614190682156382, -0.36290697580849218,
       -0.50027935121139078 ]
t: !!opencv-matrix
   rows: 3
   cols: 1
   dt: d
   data: [ 151.17101044262753, 9.9736357036317127, 262.08201152199638 ]
