%YAML:1.0
---
R: !!opencv-matrix
   rows: 3
   cols: 3
   dt: d
   data: [ -0.44465109050266283, -0.89416574018585782,
       0.05246938910136062, -0.43468682232363798, 0.16420117311890803,
       -0.88548593509132223, 0.78315565133182252, -0.41654003868085976,
       -0.46169429492119268 ]
t: !!opencv-matrix
   rows: 3
   cols: 1
   dt: d
   data: [ 136.87354645872745, 20.985637068639615, 275.04321466775383 ]
projection_matrix: !!opencv-matrix
   rows: 3
   cols: 4
   dt: d
   data: [ 83.00131284876521, -473.84547443951266, -128.61362919245897,
       140515.18380323186, -33.120962579615885, -7.815289788608947,
       -413.86867428878793, 54282.453617448846, 0.78315565133182252,
       -0.41654003868085976, -0.46169429492119268, 275.04321466775383 ]
