%YAML:1.0
---
R: !!opencv-matrix
   rows: 3
   cols: 3
   dt: d
   data: [ 0.49084442807986967, 0.87121397865148797,
       0.0076125439368260328, 0.25766958808661522, -0.13681403415008359,
       -0.95649793697365271, -0.83227287039661424, 0.47145320389390111,
       -0.29163975336012771 ]
t: !!opencv-matrix
   rows: 3
   cols: 1
   dt: d
   data: [ -89.05830225630433, -0.30088674027171763, 273.73885837598931 ]
projection_matrix: !!opencv-matrix
   rows: 3
   cols: 4
   dt: d
   data: [ -162.12588412507966, 956.00203077489982, -180.41795763060549,
       107750.99402862915, -86.525876652041617, 55.89728812856638,
       -818.09108737082215, 92010.962060956648, -0.83227287039661424,
       0.47145320389390111, -0.29163975336012771, 273.73885837598931 ]
