%YAML:1.0
---
projection_matrix: !!opencv-matrix
   rows: 3
   cols: 4
   dt: d
   data: [ -49.373904501168504, 483.42566133590566, -77.714464570890257,
       42566.446447922928, -47.1277227867565, 43.818878706538364,
       -401.73564269181861, 45936.086531671928, -0.79446681008845921,
       0.5446568930892709, -0.26864727148849021, 260.10143105113087 ]
R: !!opencv-matrix
   rows: 3
   cols: 3
   dt: d
   data: [ 0.55957201285441283, 0.82841314901137975,
       0.024714711714085125, 0.23601197024288584, -0.13069247627691527,
       -0.96292150591140035, -0.79446681008845921, 0.5446568930892709,
       -0.26864727148849021 ]
t: !!opencv-matrix
   rows: 3
   cols: 1
   dt: d
   data: [ -112.02092591668304, 5.184945583656611, 260.10143105113087 ]
