%YAML:1.0
---
projection_matrix: !!opencv-matrix
   rows: 3
   cols: 4
   dt: d
   data: [ -269.28340178242752, 403.90866755185164, -80.758456726082471,
       38390.111959050642, -60.308063911898067, 14.901580749093558,
       -402.0864623827963, 46687.847528093509, -0.95569019224937279,
       0.10884888242820684, -0.27351083567655449, 276.92365589956569 ]
R: !!opencv-matrix
   rows: 3
   cols: 3
   dt: d
   data: [ 0.10727553962087522, 0.994012801205026, 0.020748726216024027,
       0.27413174759120246, -0.0095116683430374049, -0.96164510768158395,
       -0.95569019224937279, 0.10884888242820684, -0.27351083567655449 ]
t: !!opencv-matrix
   rows: 3
   cols: 1
   dt: d
   data: [ -137.9470981118364, -0.47766640445912828, 276.92365589956569 ]
