%YAML:1.0
---
R: !!opencv-matrix
   rows: 3
   cols: 3
   dt: d
   data: [ 0.48955252041802455, 0.87194762176122043,
       0.0067583028425092784, 0.25487740604372899, -0.13567951292368596,
       -0.9574072162153423, -0.83389198199813608, 0.47042365446238221,
       -0.28866199556137884 ]
t: !!opencv-matrix
   rows: 3
   cols: 1
   dt: d
   data: [ -88.670266565714499, 0.34053633377872167, 274.87640311600535 ]
projection_matrix: !!opencv-matrix
   rows: 3
   cols: 4
   dt: d
   data: [ -80.185591948263436, 479.9882805938409, -89.368526107556846,
       53961.105946826581, -43.341740374660318, 27.518338782297526,
       -410.82678314758851, 46219.548657317318, -0.83389198199813608,
       0.47042365446238221, -0.28866199556137884, 274.87640311600535 ]
