%YAML:1.0
---
R: !!opencv-matrix
   rows: 3
   cols: 3
   dt: d
   data: [ 0.01593292604071006, 0.99967052387815225,
       0.020124252954138312, 0.9963245165382717, -0.014178993960937136,
       -0.084477297986117375, -0.084164123072487607,
       0.021396257136157532, -0.99622216426257171 ]
t: !!opencv-matrix
   rows: 3
   cols: 1
   dt: d
   data: [ -141.02039750709827, -67.187722406157349, 158.98073544501219 ]
projection_matrix: !!opencv-matrix
   rows: 3
   cols: 4
   dt: d
   data: [ -62.509926799233455, 1160.0897660210408, -931.95545147034602,
       -8371.3497893672738, 1094.0946406449705, -5.307881559602178,
       -602.55634229983593, 4110.7813681398457, -0.084164123072487607,
       0.021396257136157532, -0.99622216426257171, 158.98073544501219 ]
