%YAML:1.0
---
R: !!opencv-matrix
   rows: 3
   cols: 3
   dt: d
   data: [ -0.0011568009796014689, 0.99982375572111049,
       0.018738177798994483, 0.99666026104777705, 0.0026827403943818773,
       -0.081615727357863377, -0.081651612719347622,
       0.018581184023347061, -0.9964877087754872 ]
t: !!opencv-matrix
   rows: 3
   cols: 1
   dt: d
   data: [ -133.55047237323032, -73.433450031672635, 159.26140341986672 ]
projection_matrix: !!opencv-matrix
   rows: 3
   cols: 4
   dt: d
   data: [ -79.583190356201996, 1157.5661472653685, -933.79004611231267,
       413.06632097838661, 1095.754305764782, 12.501925196090498,
       -599.42606316774902, -2873.3091993057924, -0.081651612719347622,
       0.018581184023347061, -0.9964877087754872, 159.26140341986672 ]
