%YAML:1.0
---
projection_matrix: !!opencv-matrix
   rows: 3
   cols: 4
   dt: d
   data: [ -29.613549419047096, -542.10383522735958, -494.07435981304462,
       160644.8875705518, -577.48486761454603, 6.8654693507005318,
       -225.23660793084704, 91145.510406531874, -0.067175304017798615,
       0.039942581542539532, -0.99694135670551554, 176.79700736004889 ]
R: !!opencv-matrix
   rows: 3
   cols: 3
   dt: d
   data: [ 0.0038357887101962973, -0.99918063503954813,
       -0.040290759324386319, -0.99773381482993073,
       -0.0065306004075029733, 0.066967051624141766,
       -0.067175304017798615, 0.039942581542539532, -0.99694135670551554 ]
t: !!opencv-matrix
   rows: 3
   cols: 1
   dt: d
   data: [ 137.21135095025727, 79.385789912039414, 176.79700736004889 ]
