%YAML:1.0
---
projection_matrix: !!opencv-matrix
   rows: 3
   cols: 4
   dt: d
   data: [ -11.755832478964642, 563.77748344557892, -469.97846021341581,
       3586.5879155717962, 557.03428816560972, 6.052703123693238,
       -271.92573092320362, -345.11703603880949, -0.014913964686429155,
       0.004973118013806308, -0.99987641324043286, 160.95329058351308 ]
R: !!opencv-matrix
   rows: 3
   cols: 3
   dt: d
   data: [ -0.0083765329694170942, 0.99995191866536604,
       0.0050984363157786415, 0.99985369297349935, 0.0084515356400212127,
       -0.014871590116098888, -0.014913964686429155,
       0.004973118013806308, -0.99987641324043286 ]
t: !!opencv-matrix
   rows: 3
   cols: 1
   dt: d
   data: [ -129.1794180349946, -76.24083274953594, 160.95329058351308 ]
