%YAML:1.0
---
R: !!opencv-matrix
   rows: 3
   cols: 3
   dt: d
   data: [ -0.0018851533571268009, 0.99997055595964901,
       0.0074386430597873296, 0.99907238969648904, 0.0022033748993667279,
       -0.043005875007957516, -0.043020998860641729,
       0.0073506702281934955, -0.99904712666832141 ]
t: !!opencv-matrix
   rows: 3
   cols: 1
   dt: d
   data: [ -133.43375117507861, -73.606079521754353, 158.38282944514054 ]
projection_matrix: !!opencv-matrix
   rows: 3
   cols: 4
   dt: d
   data: [ -21.677227640363419, 578.35295467883657, -473.95364548604965,
       -888.92949120181493, 563.89873881966764, 3.1403196762333021,
       -279.24335060483895, -2005.7473444074169, -0.043020998860641729,
       0.0073506702281934955, -0.99904712666832141, 158.38282944514054 ]
