%YAML:1.0
---
points: [ 1084., 365., 1046., 374., 1006., 382., 962., 392., 918., 403.,
    873., 413., 823., 422., 775., 434., 724., 445., 671., 456., 615.,
    469., 557., 481., 496., 496., 431., 511., 361., 526., 1047., 343.,
    1009., 349., 969., 357., 928., 366., 886., 375., 843., 384., 797.,
    394., 749., 404., 700., 414., 651., 424., 598., 435., 542., 446.,
    485., 459., 424., 472., 359., 485., 1014., 322., 977., 327., 938.,
    334., 898., 342., 857., 350., 815., 359., 772., 368., 726., 377.,
    681., 386., 633., 396., 584., 405., 530., 415., 476., 426., 418.,
    438., 356., 449., 981., 301., 946., 307., 909., 314., 870., 321.,
    833., 329., 790., 337., 749., 346., 706., 354., 663., 361., 617.,
    370., 570., 379., 520., 388., 467., 398., 413., 408., 355., 418.,
    953., 284., 919., 290., 883., 296., 847., 303., 809., 310., 769.,
    317., 729., 325., 689., 333., 647., 340., 603., 347., 558., 356.,
    510., 364., 461., 372., 408., 381., 354., 390., 927., 268., 894.,
    274., 859., 280., 824., 286., 787., 293., 749., 299., 711., 305.,
    672., 313., 631., 319., 590., 326., 546., 333., 501., 341., 454.,
    349., 404., 356., 352., 364., 903., 255., 871., 261., 838., 264.,
    803., 270., 768., 276., 731., 282., 695., 288., 657., 295., 618.,
    300., 578., 307., 537., 313., 493., 320., 448., 327., 400., 334.,
    351., 342., 881., 241., 849., 245., 817., 251., 783., 256., 750.,
    261., 716., 267., 680., 273., 643., 279., 607., 284., 567., 289.,
    528., 295., 485., 301., 442., 307., 397., 314., 350., 321. ]
