%YAML:1.0
---
points: [ 500., 174., 481., 177., 462., 182., 442., 187., 422., 193.,
    400., 198., 377., 204., 353., 210., 328., 216., 302., 223., 274.,
    230., 245., 238., 213., 246., 179., 254., 143., 264., 482., 162.,
    465., 166., 446., 170., 426., 174., 407., 180., 386., 184., 363.,
    190., 342., 195., 318., 201., 293., 207., 266., 213., 237., 220.,
    207., 227., 175., 235., 141., 243., 466., 153., 449., 156., 432.,
    160., 411., 163., 392., 169., 372., 173., 352., 178., 329., 182.,
    307., 188., 284., 193., 258., 199., 231., 204., 202., 211., 172.,
    217., 139., 224., 451., 143., 435., 147., 418., 149., 399., 153.,
    381., 158., 361., 162., 342., 167., 321., 171., 298., 175., 276.,
    180., 250., 185., 226., 191., 198., 196., 169., 202., 138., 208.,
    438., 135., 422., 138., 404., 142., 387., 145., 369., 148., 350.,
    153., 331., 156., 310., 161., 290., 164., 268., 168., 245., 173.,
    220., 178., 194., 182., 166., 188., 137., 194., 426., 127., 410.,
    130., 394., 133., 378., 136., 359., 139., 342., 143., 323., 147.,
    303., 151., 283., 154., 261., 158., 239., 163., 215., 167., 191.,
    171., 163., 175., 136., 180., 414., 120., 399., 121., 383., 126.,
    367., 129., 349., 131., 332., 135., 314., 138., 295., 142., 276.,
    146., 255., 148., 234., 152., 210., 155., 187., 159., 162., 164.,
    136., 168., 404., 114., 389., 116., 373., 119., 358., 121., 341.,
    125., 323., 128., 306., 130., 289., 133., 269., 136., 249., 139.,
    228., 142., 207., 146., 184., 150., 160., 153., 135., 157. ]
