%YAML:1.0
---
points: [ 542., 182.5, 523., 187., 503., 191., 481., 196., 459., 201.5,
    436.5, 206.5, 411.5, 211., 387.5, 217., 362., 222.5, 335.5, 228.,
    307.5, 234.5, 278.5, 240.5, 248., 248., 215.5, 255.5, 180.5, 263.,
    523.5, 171.5, 504.5, 174.5, 484.5, 178.5, 464., 183., 443., 187.5,
    421.5, 192., 398.5, 197., 374.5, 202., 350., 207., 325.5, 212., 299.,
    217.5, 271., 223., 242.5, 229.5, 212., 236., 179.5, 242.5, 507.,
    161., 488.5, 163.5, 469., 167., 449., 171., 428.5, 175., 407.5,
    179.5, 386., 184., 363., 188.5, 340.5, 193., 316.5, 198., 292.,
    202.5, 265., 207.5, 238., 213., 209., 219., 178., 224.5, 490.5,
    150.5, 473., 153.5, 454.5, 157., 435., 160.5, 416.5, 164.5, 395.,
    168.5, 374.5, 173., 353., 177., 331.5, 180.5, 308.5, 185., 285.,
    189.5, 260., 194., 233.5, 199., 206.5, 204., 177.5, 209., 476.5,
    142., 459.5, 145., 441.5, 148., 423.5, 151.5, 404.5, 155., 384.5,
    158.5, 364.5, 162.5, 344.5, 166.5, 323.5, 170., 301.5, 173.5, 279.,
    178., 255., 182., 230.5, 186., 204., 190.5, 177., 195., 463.5, 134.,
    447., 137., 429.5, 140., 412., 143., 393.5, 146.5, 374.5, 149.5,
    355.5, 152.5, 336., 156.5, 315.5, 159.5, 295., 163., 273., 166.5,
    250.5, 170.5, 227., 174.5, 202., 178., 176., 182., 451.5, 127.5,
    435.5, 130.5, 419., 132., 401.5, 135., 384., 138., 365.5, 141.,
    347.5, 144., 328.5, 147.5, 309., 150., 289., 153.5, 268.5, 156.5,
    246.5, 160., 224., 163.5, 200., 167., 175.5, 171., 440.5, 120.5,
    424.5, 122.5, 408.5, 125.5, 391.5, 128., 375., 130.5, 358., 133.5,
    340., 136.5, 321.5, 139.5, 303.5, 142., 283.5, 144.5, 264., 147.5,
    242.5, 150.5, 221., 153.5, 198.5, 157., 175., 160.5 ]
