%YAML:1.0
---
points: [ 477., 191., 460., 195., 440., 199., 422., 205., 402., 210.,
    383., 215., 358., 221., 333., 228., 310., 234., 283., 240., 254.,
    248., 223., 256., 189., 264., 154., 274., 116., 283., 460., 180.,
    443., 184., 425., 188., 406., 192., 387., 196., 365., 201., 344.,
    207., 321., 212., 299., 218., 272., 223., 245., 231., 215., 238.,
    184., 245., 150., 253., 115., 261., 445., 171., 428., 174., 410.,
    177., 392., 181., 373., 185., 354., 189., 333., 194., 310., 200.,
    288., 205., 265., 210., 238., 216., 209., 222., 179., 229., 147.,
    235., 113., 242., 431., 162., 414., 164., 399., 167., 379., 171.,
    361., 176., 343., 180., 322., 183., 301., 188., 278., 192., 256.,
    197., 231., 202., 203., 208., 174., 213., 144., 219., 112., 225.,
    417., 154., 401., 156., 385., 159., 369., 162., 350., 166., 331.,
    169., 312., 173., 292., 177., 271., 181., 248., 185., 224., 190.,
    199., 195., 171., 200., 142., 205., 112., 210., 406., 146., 390.,
    148., 374., 151., 357., 154., 340., 157., 322., 160., 304., 164.,
    283., 168., 264., 171., 241., 174., 218., 179., 193., 183., 168.,
    188., 139., 192., 111., 197., 393., 139., 379., 142., 363., 143.,
    347., 146., 330., 149., 313., 152., 295., 155., 276., 159., 257.,
    162., 235., 165., 212., 168., 189., 173., 164., 176., 138., 180.,
    110., 184., 384., 133., 369., 135., 355., 137., 339., 139., 323.,
    142., 305., 144., 288., 147., 269., 150., 250., 153., 229., 156.,
    208., 159., 184., 162., 161., 166., 136., 169., 110., 174. ]
