%YAML:1.0
---
points: [ 226.5, 171., 250., 168., 271.5, 165., 292.5, 162., 310.5,
    159.5, 328.5, 157., 347., 155., 364.5, 152., 378.5, 150., 393.5,
    147., 408.5, 145., 422.5, 143., 435.5, 141., 449., 139., 462., 137.5,
    234., 177.5, 258., 174., 280.5, 170.5, 302., 167.5, 321.5, 164.5,
    340.5, 162., 358.5, 159.5, 376.5, 156.5, 392.5, 154., 407.5, 151.5,
    422., 149.5, 436.5, 147., 449.5, 145., 463., 142.5, 476.5, 140.5,
    243., 185.5, 268., 181., 291., 177., 313., 173.5, 334., 170.5, 352.5,
    167.5, 371.5, 165., 391., 162., 406., 159.5, 422., 155.5, 437., 154.,
    452., 151.5, 465.5, 149., 479., 146.5, 492., 144., 252., 193.5, 278.,
    188.5, 302., 184., 324.5, 180., 346.5, 177., 366.5, 173.5, 386.,
    170.5, 406., 167.5, 421., 164.5, 437., 160.5, 453., 158.5, 468.,
    156., 482., 153.5, 495.5, 150.5, 508., 148.5, 262., 202.5, 290.,
    197., 315.5, 192.5, 338.5, 188., 360.5, 183.5, 381.5, 180., 401.,
    177., 421.5, 172.5, 437.5, 169.5, 456., 166., 470.5, 164., 485.5,
    161., 499.5, 158., 513., 155., 526., 152.5, 274., 213.5, 302., 207.,
    329., 201., 354., 196.5, 376.5, 192., 398.5, 187.5, 419., 184.5,
    439.5, 180.5, 456., 176.5, 476.5, 172., 489.5, 169.5, 505., 166.5,
    519., 163., 532.5, 160., 545., 157., 287., 225.5, 318., 218.5, 346.,
    212., 371.5, 206.5, 395.5, 201.5, 418.5, 196.5, 439., 192.5, 460.5,
    188., 477., 183.5, 496., 179., 511., 176., 526.5, 172., 540., 168.5,
    553.5, 165.5, 565.5, 162.5, 303.5, 240.5, 335.5, 232., 365., 224.5,
    391., 218., 417., 212., 440., 207., 462., 201.5, 483.5, 196.5, 500.5,
    191.5, 518., 187., 534.5, 182.5, 549.5, 178.5, 563.5, 175., 576.,
    171.5, 589.5, 167.5 ]
