%YAML:1.0
---
points: [ 453., 342., 500., 336., 543., 330., 585., 324., 621., 319.,
    657., 314., 694., 310., 729., 304., 757., 300., 787., 294., 817.,
    290., 845., 286., 871., 282., 898., 278., 924., 275., 468., 355.,
    516., 348., 561., 341., 604., 335., 643., 329., 681., 324., 717.,
    319., 753., 313., 785., 308., 815., 303., 844., 299., 873., 294.,
    899., 290., 926., 285., 953., 281., 486., 371., 536., 362., 582.,
    354., 626., 347., 668., 341., 705., 335., 743., 330., 782., 324.,
    812., 319., 844., 311., 874., 308., 904., 303., 931., 298., 958.,
    293., 984., 288., 504., 387., 556., 377., 604., 368., 649., 360.,
    693., 354., 733., 347., 772., 341., 812., 335., 842., 329., 874.,
    321., 906., 317., 936., 312., 964., 307., 991., 301., 1016., 297.,
    524., 405., 580., 394., 631., 385., 677., 376., 721., 367., 763.,
    360., 802., 354., 843., 345., 875., 339., 912., 332., 941., 328.,
    971., 322., 999., 316., 1026., 310., 1052., 305., 548., 427., 604.,
    414., 658., 402., 708., 393., 753., 384., 797., 375., 838., 369.,
    879., 361., 912., 353., 953., 344., 979., 339., 1010., 333., 1038.,
    326., 1065., 320., 1090., 314., 574., 451., 636., 437., 692., 424.,
    743., 413., 791., 403., 837., 393., 878., 385., 921., 376., 954.,
    367., 992., 358., 1022., 352., 1053., 344., 1080., 337., 1107., 331.,
    1131., 325., 607., 481., 671., 464., 730., 449., 782., 436., 834.,
    424., 880., 414., 924., 403., 967., 393., 1001., 383., 1036., 374.,
    1069., 365., 1099., 357., 1127., 350., 1152., 343., 1179., 335. ]
