%YAML:1.0
---
points: [ 154., 175., 178., 175., 203., 175., 228., 175., 251., 175.,
    274., 174., 298., 174., 321., 174., 344., 174., 367., 173., 388.,
    173., 411., 172., 432., 172., 456., 171., 481., 171., 145., 183.,
    171., 182., 198., 182., 225., 182., 249., 182., 274., 181., 300.,
    181., 324., 180., 348., 181., 372., 180., 395., 180., 419., 179.,
    442., 179., 466., 177., 491., 177., 136., 191., 164., 191., 192.,
    191., 220., 190., 247., 190., 274., 189., 301., 189., 327., 188.,
    352., 188., 378., 188., 403., 188., 428., 188., 453., 187., 478.,
    187., 504., 185., 123., 200., 155., 200., 186., 201., 217., 199.,
    246., 199., 274., 198., 303., 198., 330., 197., 358., 197., 385.,
    197., 411., 197., 439., 196., 467., 195., 495., 195., 523., 195.,
    111., 212., 146., 212., 179., 210., 212., 210., 243., 210., 273.,
    209., 305., 209., 334., 208., 363., 207., 392., 207., 421., 207.,
    449., 206., 479., 206., 504., 204., 534., 204., 99., 225., 135.,
    224., 171., 223., 206., 222., 241., 222., 274., 221., 307., 221.,
    338., 220., 370., 218., 401., 218., 433., 218., 463., 218., 493.,
    217., 523., 216., 550., 215., 83., 240., 122., 240., 160., 239.,
    199., 238., 236., 237., 274., 236., 309., 236., 344., 234., 377.,
    233., 413., 232., 445., 232., 478., 231., 511., 230., 542., 228.,
    572., 227., 64., 259., 106., 259., 149., 258., 191., 256., 232.,
    254., 273., 253., 311., 253., 350., 251., 387., 249., 425., 248.,
    461., 248., 497., 246., 532., 245., 564., 243., 595., 242. ]
