%YAML:1.0
---
points: [ 197., 181., 220., 177., 243., 173., 263., 170., 282., 167.,
    301., 165., 319., 163., 336., 161., 350., 158., 365., 155., 379.,
    153., 391., 151., 404., 149., 417., 147., 430., 145., 204., 186.,
    229., 182., 252., 178., 273., 175., 294., 172., 313., 170., 330.,
    167., 347., 164., 362., 162., 378., 160., 392., 157., 405., 155.,
    418., 152., 431., 150., 443., 148., 212., 193., 238., 188., 262.,
    185., 284., 182., 306., 178., 324., 175., 344., 172., 360., 169.,
    376., 166., 391., 163., 406., 161., 420., 159., 433., 156., 446.,
    154., 458., 152., 222., 201., 249., 197., 273., 192., 296., 188.,
    317., 185., 337., 181., 356., 178., 376., 175., 392., 172., 407.,
    169., 421., 166., 437., 164., 448., 161., 462., 159., 474., 157.,
    233., 211., 261., 205., 287., 200., 310., 195., 333., 192., 353.,
    188., 373., 184., 391., 180., 407., 177., 423., 174., 438., 171.,
    452., 168., 466., 165., 479., 162., 491., 160., 245., 222., 275.,
    215., 302., 208., 326., 204., 349., 199., 370., 194., 390., 191.,
    409., 187., 425., 183., 441., 179., 457., 176., 471., 172., 484.,
    170., 498., 167., 511., 164., 258., 234., 290., 226., 318., 220.,
    344., 214., 367., 208., 390., 203., 409., 199., 428., 194., 445.,
    190., 462., 186., 478., 182., 491., 179., 504., 175., 517., 172.,
    530., 169., 276., 249., 308., 240., 337., 232., 363., 224., 387.,
    218., 410., 213., 431., 208., 451., 203., 468., 198., 485., 193.,
    499., 189., 515., 184., 529., 182., 539., 178., 552., 174. ]
