%YAML:1.0
---
points: [ 79., 148., 188., 140., 303., 140., 428., 135., 552., 137.,
    676., 136., 800., 139., 919., 137., 1041., 136., 1160., 133., 1286.,
    135., 1409., 129., 1525., 131., 1642., 130., 1761., 135., 68., 270.,
    180., 265., 300., 260., 422., 260., 551., 259., 673., 256., 798.,
    261., 923., 260., 1044., 256., 1164., 256., 1291., 254., 1415., 252.,
    1537., 251., 1652., 249., 1769., 251., 58., 385., 173., 384., 293.,
    382., 419., 382., 549., 381., 674., 380., 800., 381., 925., 380.,
    1044., 376., 1167., 375., 1291., 373., 1416., 372., 1541., 369.,
    1661., 368., 1779., 368., 55., 511., 167., 510., 291., 508., 418.,
    507., 547., 506., 676., 504., 804., 503., 926., 500., 1048., 497.,
    1171., 496., 1296., 496., 1423., 493., 1548., 491., 1671., 489.,
    1787., 489., 51., 636., 167., 635., 288., 632., 415., 633., 546.,
    632., 676., 628., 804., 629., 929., 624., 1051., 621., 1177., 622.,
    1303., 621., 1431., 619., 1554., 615., 1676., 612., 1793., 610., 49.,
    761., 162., 762., 285., 765., 412., 764., 543., 761., 674., 758.,
    802., 755., 928., 753., 1055., 749., 1180., 748., 1308., 748., 1434.,
    747., 1561., 743., 1684., 740., 1802., 735., 50., 886., 165., 890.,
    284., 895., 413., 897., 542., 892., 673., 891., 801., 886., 930.,
    882., 1056., 879., 1187., 876., 1314., 878., 1443., 873., 1566.,
    871., 1688., 866., 1804., 859., 53., 1013., 167., 1019., 284., 1023.,
    411., 1025., 540., 1026., 672., 1023., 801., 1022., 933., 1018.,
    1064., 1013., 1191., 1011., 1318., 1011., 1449., 1006., 1570., 1000.,
    1690., 995., 1806., 984. ]
