%YAML:1.0
---
points: [ 854., 462., 803., 463., 750., 463., 694., 460., 638., 459.,
    586., 458., 532., 456., 478., 455., 426., 455., 374., 454., 320.,
    453., 267., 452., 216., 452., 165., 451., 115., 448., 858., 409.,
    805., 409., 751., 409., 696., 407., 641., 406., 586., 404., 532.,
    403., 479., 402., 427., 402., 374., 401., 320., 401., 267., 400.,
    214., 400., 163., 400., 114., 397., 861., 355., 808., 356., 752.,
    354., 696., 354., 641., 351., 587., 351., 532., 349., 479., 349.,
    426., 350., 374., 349., 320., 349., 267., 349., 214., 348., 161.,
    349., 109., 347., 864., 301., 810., 301., 755., 301., 698., 298.,
    642., 298., 587., 298., 532., 297., 478., 296., 427., 297., 374.,
    296., 320., 296., 266., 295., 212., 296., 159., 295., 107., 294.,
    866., 247., 812., 247., 756., 246., 699., 245., 643., 245., 587.,
    244., 533., 244., 479., 244., 426., 245., 373., 244., 319., 243.,
    265., 243., 212., 244., 159., 241., 107., 242., 868., 192., 814.,
    191., 758., 190., 701., 190., 644., 190., 588., 190., 533., 190.,
    479., 189., 427., 191., 373., 190., 318., 189., 264., 189., 210.,
    189., 157., 189., 106., 189., 869., 135., 815., 134., 759., 134.,
    703., 133., 646., 133., 590., 134., 535., 135., 477., 134., 426.,
    136., 372., 136., 317., 134., 262., 134., 209., 135., 155., 134.,
    104., 135., 870., 79., 816., 78., 761., 77., 704., 76., 648., 76.,
    591., 78., 535., 78., 476., 77., 426., 80., 370., 77., 315., 77.,
    261., 76., 208., 78., 155., 79., 104., 81. ]
