%YAML:1.0
---
points: [ 126., 108., 238., 103., 357., 99., 478., 103., 603., 102.,
    724., 105., 851., 108., 972., 110., 1092., 109., 1215., 108., 1338.,
    110., 1461., 110., 1578., 111., 1693., 115., 1803., 123., 116., 224.,
    229., 220., 348., 218., 475., 223., 601., 224., 724., 226., 850.,
    231., 972., 229., 1094., 229., 1216., 229., 1341., 231., 1465., 231.,
    1583., 229., 1702., 231., 1813., 237., 106., 343., 221., 344., 343.,
    342., 470., 347., 599., 348., 725., 348., 851., 351., 973., 351.,
    1093., 350., 1217., 351., 1342., 351., 1467., 350., 1588., 350.,
    1708., 352., 1823., 354., 96., 468., 215., 468., 336., 469., 466.,
    472., 597., 472., 724., 472., 848., 472., 972., 473., 1093., 471.,
    1218., 471., 1343., 474., 1469., 473., 1595., 472., 1715., 472.,
    1831., 475., 89., 592., 208., 593., 333., 593., 462., 594., 593.,
    593., 721., 594., 847., 597., 972., 595., 1094., 593., 1222., 597.,
    1348., 597., 1474., 597., 1600., 594., 1720., 594., 1836., 594., 85.,
    718., 203., 722., 327., 723., 456., 725., 589., 721., 720., 723.,
    846., 724., 972., 720., 1096., 720., 1224., 723., 1352., 723., 1480.,
    725., 1604., 722., 1727., 722., 1840., 719., 82., 846., 200., 851.,
    324., 854., 453., 857., 585., 854., 715., 854., 842., 852., 972.,
    851., 1099., 851., 1229., 852., 1357., 854., 1484., 852., 1606.,
    849., 1728., 847., 1842., 843., 82., 973., 200., 981., 322., 985.,
    451., 989., 580., 989., 711., 989., 841., 989., 972., 986., 1102.,
    984., 1233., 987., 1362., 986., 1491., 982., 1610., 978., 1731.,
    975., 1842., 969. ]
