%YAML:1.0
---
points: [ 83., 61., 138., 60., 197., 60., 256., 60., 316., 61., 376.,
          62., 435., 64., 496., 65., 553., 65., 611., 66., 671., 66., 729.,
          67., 787., 67., 842., 70., 895., 73., 78., 118., 134., 116., 194.,
          117., 255., 119., 316., 119., 376., 120., 435., 123., 495., 125.,
          551., 124., 611., 124., 671., 125., 730., 125., 787., 126., 845.,
          127., 898., 129., 74., 174., 131., 175., 192., 177., 253., 178.,
          315., 180., 375., 181., 435., 182., 494., 183., 551., 182., 611.,
          183., 670., 183., 730., 183., 789., 184., 846., 185., 901., 186.,
          71., 236., 130., 237., 191., 237., 252., 239., 314., 239., 374.,
          239., 434., 241., 493., 241., 552., 241., 611., 242., 671., 242.,
          730., 242., 790., 243., 848., 244., 903., 245., 69., 296., 127.,
          296., 189., 297., 251., 297., 311., 298., 373., 299., 434., 300.,
          494., 300., 551., 299., 612., 302., 671., 300., 732., 301., 790.,
          301., 848., 302., 904., 302., 68., 356., 126., 357., 187., 358.,
          249., 359., 311., 358., 372., 359., 432., 360., 493., 359., 551.,
          359., 612., 360., 672., 361., 732., 362., 791., 361., 849., 361.,
          904., 360., 68., 415., 126., 419., 186., 421., 248., 420.,
          309., 421., 371., 422., 431., 422., 492., 421., 552.,
          419., 612., 421., 672., 422., 733., 423., 791., 421., 848., 420.,
          903., 419., 69., 479., 126., 480., 183., 482., 246., 483., 308.,
          484., 370., 484., 431., 483., 491., 484., 553., 482., 613., 483.,
          673., 483., 733., 483., 792., 482., 847., 479., 902., 477. ]
