%YAML:1.0
---
points: [ 63., 54., 119., 51.5, 178.5, 49.5, 239., 51.5, 301.5, 51.,
    362., 52.5, 425.5, 54., 486., 55., 546., 54.5, 607.5, 54., 669., 55.,
    730.5, 55., 789., 55.5, 846.5, 57.5, 901.5, 61.5, 58., 112., 114.5,
    110., 174., 109., 237.5, 111.5, 300.5, 112., 362., 113., 425., 115.5,
    486., 114.5, 547., 114.5, 608., 114.5, 670.5, 115.5, 732.5, 115.5,
    791.5, 114.5, 851., 115.5, 906.5, 118.5, 53., 171.5, 110.5, 172.,
    171.5, 171., 235., 173.5, 299.5, 174., 362.5, 174., 425.5, 175.5,
    486.5, 175.5, 546.5, 175., 608.5, 175.5, 671., 175.5, 733.5, 175.,
    794., 175., 854., 176., 911.5, 177., 48., 234., 107.5, 234., 168.,
    234.5, 233., 236., 298.5, 236., 362., 236., 424., 236., 486., 236.5,
    546.5, 235.5, 609., 235.5, 671.5, 237., 734.5, 236.5, 797.5, 236.,
    857.5, 236., 915.5, 237.5, 44.5, 296., 104., 296.5, 166.5, 296.5,
    231., 297., 296.5, 296.5, 360.5, 297., 423.5, 298.5, 486., 297.5,
    547., 296.5, 611., 298.5, 674., 298.5, 737., 298.5, 800., 297., 860.,
    297., 918., 297., 42.5, 359., 101.5, 361., 163.5, 361.5, 228., 362.5,
    294.5, 360.5, 360., 361.5, 423., 362., 486., 360., 548., 360., 612.,
    361.5, 676., 361.5, 740., 362.5, 802., 361., 863.5, 361., 920.,
    359.5, 41., 423., 100., 425.5, 162., 427., 226.5, 428.5, 292.5, 427.,
    357.5, 427., 421., 426., 486., 425.5, 549.5, 425.5, 614.5, 426.,
    678.5, 427., 742., 426., 803., 424.5, 864., 423.5, 921., 421.5, 41.,
    486.5, 100., 490.5, 161., 492.5, 225.5, 494.5, 290., 494.5, 355.5,
    494.5, 420.5, 494.5, 486., 493., 551., 492., 616.5, 493.5, 681.,
    493., 745.5, 491., 805., 489., 865.5, 487.5, 921., 484.5 ]
