%YAML:1.0
---
points: [ 17.8999996, 17.8999996, 0., 17.8999996, 34.6999969, 0.,
    17.8999996, 51.4999962, 0., 17.8999996, 68.2999954, 0., 17.8999996,
    85.0999908, 0., 17.8999996, 101.899994, 0., 17.8999996, 118.699997,
    0., 17.8999996, 135.5, 0., 17.8999996, 152.300003, 0., 17.8999996,
    169.100006, 0., 17.8999996, 185.900009, 0., 17.8999996, 202.700012,
    0., 17.8999996, 219.500015, 0., 17.8999996, 236.300018, 0.,
    17.8999996, 253.100021, 0., 34.6999969, 17.8999996, 0., 34.6999969,
    34.6999969, 0., 34.6999969, 51.4999962, 0., 34.6999969, 68.2999954,
    0., 34.6999969, 85.0999908, 0., 34.6999969, 101.899994, 0.,
    34.6999969, 118.699997, 0., 34.6999969, 135.5, 0., 34.6999969,
    152.300003, 0., 34.6999969, 169.100006, 0., 34.6999969, 185.900009,
    0., 34.6999969, 202.700012, 0., 34.6999969, 219.500015, 0.,
    34.6999969, 236.300018, 0., 34.6999969, 253.100021, 0., 51.4999962,
    17.8999996, 0., 51.4999962, 34.6999969, 0., 51.4999962, 51.4999962,
    0., 51.4999962, 68.2999954, 0., 51.4999962, 85.0999908, 0.,
    51.4999962, 101.899994, 0., 51.4999962, 118.699997, 0., 51.4999962,
    135.5, 0., 51.4999962, 152.300003, 0., 51.4999962, 169.100006, 0.,
    51.4999962, 185.900009, 0., 51.4999962, 202.700012, 0., 51.4999962,
    219.500015, 0., 51.4999962, 236.300018, 0., 51.4999962, 253.100021,
    0., 68.2999954, 17.8999996, 0., 68.2999954, 34.6999969, 0.,
    68.2999954, 51.4999962, 0., 68.2999954, 68.2999954, 0., 68.2999954,
    85.0999908, 0., 68.2999954, 101.899994, 0., 68.2999954, 118.699997,
    0., 68.2999954, 135.5, 0., 68.2999954, 152.300003, 0., 68.2999954,
    169.100006, 0., 68.2999954, 185.900009, 0., 68.2999954, 202.700012,
    0., 68.2999954, 219.500015, 0., 68.2999954, 236.300018, 0.,
    68.2999954, 253.100021, 0., 85.0999908, 17.8999996, 0., 85.0999908,
    34.6999969, 0., 85.0999908, 51.4999962, 0., 85.0999908, 68.2999954,
    0., 85.0999908, 85.0999908, 0., 85.0999908, 101.899994, 0.,
    85.0999908, 118.699997, 0., 85.0999908, 135.5, 0., 85.0999908,
    152.300003, 0., 85.0999908, 169.100006, 0., 85.0999908, 185.900009,
    0., 85.0999908, 202.700012, 0., 85.0999908, 219.500015, 0.,
    85.0999908, 236.300018, 0., 85.0999908, 253.100021, 0., 101.899994,
    17.8999996, 0., 101.899994, 34.6999969, 0., 101.899994, 51.4999962,
    0., 101.899994, 68.2999954, 0., 101.899994, 85.0999908, 0.,
    101.899994, 101.899994, 0., 101.899994, 118.699997, 0., 101.899994,
    135.5, 0., 101.899994, 152.300003, 0., 101.899994, 169.100006, 0.,
    101.899994, 185.900009, 0., 101.899994, 202.700012, 0., 101.899994,
    219.500015, 0., 101.899994, 236.300018, 0., 101.899994, 253.100021,
    0., 118.699997, 17.8999996, 0., 118.699997, 34.6999969, 0.,
    118.699997, 51.4999962, 0., 118.699997, 68.2999954, 0., 118.699997,
    85.0999908, 0., 118.699997, 101.899994, 0., 118.699997, 118.699997,
    0., 118.699997, 135.5, 0., 118.699997, 152.300003, 0., 118.699997,
    169.100006, 0., 118.699997, 185.900009, 0., 118.699997, 202.700012,
    0., 118.699997, 219.500015, 0., 118.699997, 236.300018, 0.,
    118.699997, 253.100021, 0., 135.5, 17.8999996, 0., 135.5, 34.6999969,
    0., 135.5, 51.4999962, 0., 135.5, 68.2999954, 0., 135.5, 85.0999908,
    0., 135.5, 101.899994, 0., 135.5, 118.699997, 0., 135.5, 135.5, 0.,
    135.5, 152.300003, 0., 135.5, 169.100006, 0., 135.5, 185.900009, 0.,
    135.5, 202.700012, 0., 135.5, 219.500015, 0., 135.5, 236.300018, 0.,
    135.5, 253.100021, 0. ]
