%YAML:1.0
---
z: [ 288.333282, 29.0920181, 57.9596786, 57.8763313, 57.8763313,
    57.8763313, 58.0227852, 58.0478477, 58.0478477, 56.1239929,
    56.3853264, 56.4757614, 56.4757614, 56.5641251, 56.4485931,
    56.4534187, 56.491024, 56.5164909, 56.5074577, 56.5770798,
    56.5185089, 56.4829102, 56.5255013, 56.3797112, 56.4746056,
    56.4122276, 56.5517845, 56.5517845, 56.4585114, 56.692276,
    56.6579132, 56.7446709, 57.0287132, 57.0729446, 57.005722,
    56.9603119, 56.8915749, 56.868763, 56.8882217, 56.7836113,
    56.8688774, 56.9608498, 56.9608498, 56.8295822, 56.8302269,
    56.5934372, 56.7402, 56.6017914, 56.6316948, 56.73526, 56.7658424,
    56.7883644, 56.6751595, 56.6462479, 56.799366, 56.799366, 56.9011536,
    56.8303833, 56.8303833, 56.6049461, 56.6049461, 56.7629509,
    56.726635, 56.6895027, 56.6895027, 56.7184868, 56.7184868,
    56.7419701, 56.3521729, 57.115387, 57.687851, 57.9199409, 58.5733986,
    58.686882, 59.1568375, 59.4642334, 59.968277, 60.0896759, 60.9790688,
    61.4736519, 62.3483849, 62.2754097, 62.7408142, 63.0836411,
    63.3927498, 63.6503601, 63.6763725, 64.3588333, 64.2511902,
    64.0208817, 64.0208817, 64.3299408, 63.8997116, 63.9305763,
    63.5729752, 63.7466965, 63.5571594, 63.2968826, 63.2968826,
    63.0925255, 63.1279144, 62.724205, 62.5228844, 62.4897156,
    62.1142769, 62.1142769, 61.8362541, 61.8409767, 61.6904716,
    61.5107651, 61.6306229, 61.5966949, 61.4071884, 61.2460175,
    61.211319, 61.1000671, 61.3124275, 61.6328201, 61.2793159,
    61.2943115, 61.2576561, 61.3397636, 61.2403564, 61.0834618,
    61.0513725, 61.2455978, 61.1166954, 61.1081772, 60.9877625,
    60.9210815, 60.9276657, 60.8632164, 61.0676804, 61.2537575,
    61.0689697, 61.1548729, 61.0533676, 61.1675224, 61.1675224,
    60.9147758, 60.9147758, 61.1451378, 61.1837158, 60.8244858,
    61.0318794, 61.0318794, 60.7434311, 60.6773872, 60.500061,
    60.4897499, 60.3510399, 60.0305023, 59.9691544, 59.9361191,
    60.2794533, 59.7824593, 59.8144226, 60.0241966, 59.8481026,
    59.4342842, 59.4681435, 59.4224243, 59.4224243, 59.1069183,
    59.0465317, 59.243763, 59.0218544, 59.0138969, 58.7726974,
    58.7726974, 58.7044144, 58.7514954, 58.6308823, 58.707798,
    58.8800392, 58.9643402, 59.0893784, 59.0893784, 59.1155586,
    58.8721962, 58.9598389, 59.1956978, 58.9663467, 59.1550217,
    59.4087563, 59.4087563, 59.1524239, 59.3699837, 59.4656487,
    59.4350815, 57.5869102, 57.5810661, 57.8220825, 57.8220825,
    57.3526649, 57.114315, 57.2579041, 57.4454384, 57.4207954,
    57.4203072, 57.0372314, 57.0372314, 57.106308, 57.1599693,
    57.1359787, 57.332901, 57.2877922, 56.756031, 56.756031, 56.950676,
    56.6551208, 57.0854568, 56.924675, 57.2221603, 56.9204216,
    56.9204216, 57.0439262, 57.0125999, 57.071106, 57.172718, 57.2715645,
    57.4164925, 57.2202568, 57.4015617, 57.5079994, 57.6417999,
    57.5264778, 57.6039734, 57.5945473, 57.4790535, 57.6820908,
    57.3503914, 57.3503914, 57.2926559, 56.9428253, 57.149147,
    56.8241081, 57.0730934, 56.9467354, 56.8294907, 56.8880997,
    56.9467354, 56.7138748, 56.705265, 56.6875038, 56.5654793,
    56.5214539, 56.5368767, 56.7368126, 56.6841927, 56.6841927,
    56.6841927, 56.5577507, 56.5753899, 56.4982986, 56.4786797,
    56.5408974, 56.4818497, 56.4734154, 56.1762733, 56.1451683,
    55.9845695, 56.037365, 56.1877861, 56.2486534, 56.2486534, 56.089222,
    56.089222, 56.1886711, 56.1886711, 55.8098068, 55.769825, 55.811245,
    56.0357704, 55.9297752, 55.9956779, 55.7554703, 55.8905487,
    55.7651863, 55.7984734, 55.530323, 55.3921051, 55.4789886,
    55.1867447, 55.4387932, 55.288269, 55.4675941, 55.3431396,
    54.9795113, 54.9795113, 55.0991631, 54.7203102, 54.5906754,
    54.4620628, 53.996582, 53.996582, 53.996582, 54.0101509, 53.6665306,
    53.790554, 53.4766922, 53.3067627, 52.8569565, 52.7339211,
    52.7339211, 52.59478, 52.5849113, 52.4738464, 52.3629417, 52.3629417,
    52.0575485, 52.1562996, 52.1667404, 51.9095917, 51.7372513,
    51.7610168, 51.6108284, 51.4765167, 51.4765167, 51.0279884,
    51.0279884, 50.9606209, 50.7411804, 50.0808449, 49.7722778,
    49.2864914, 49.0100784, 47.8701401, 47.8701401, 47.8701401,
    46.3455238, 45.8266411, 44.2248383, 44.0150375, 42.8272476,
    42.5664139, 41.8058891, 41.3481598, 39.7926598, 38.7297821,
    37.8761253, 37.3833885, 37.18367, 34.7685356, 34.7685356, 33.6024399,
    33.2126503, 32.0563622, 31.6769962, 30.224762, 29.9233627,
    28.4966888, 28.4966888, 27.2331676, 26.0428486, 25.8095741,
    24.7151546, 24.5760078, 23.627327, 23.497406, 23.0911846, 23.0911846,
    22.681778, 22.5558643, 21.1680317, 21.1839027, 20.8171177,
    20.5600624, 20.5600624, 20.2128563, 20.2634182, 20.2597065,
    20.1224976, 20.2423534, 20.4067383, 20.5694332, 20.5694332,
    20.4067383, 20.5468178, 21.5063171, 21.4683418, 21.8048973,
    22.0844021, 22.3693466, 22.3693466, 22.6523972, 22.9334736,
    23.864315, 24.3666821, 24.6984234, 25.1110573, 25.3641548,
    28.7605915, 29.3942165, 29.7820072, 31.7235737, 32.7814369,
    33.5956612, 34.901844, 36.2627449, 36.2627449, 37.7716141,
    38.3706436, 39.8556938, 41.1187553, 42.1731415, 43.76577, 44.1688652,
    44.9616318, 45.528244, 46.6052475, 47.4333839, 47.8196602,
    47.7508354, 49.7468414, 50.087101, 50.087101, 50.2014885, 50.5645638,
    53.1086426, 53.3295784, 53.6461258, 54.2346802, 54.1498108,
    54.1498108, 55.9497948, 56.4026108, 56.6575317, 57.0089302,
    57.1293449, 57.1919136, 57.311142, 57.311142, 57.3640442, 57.3648529,
    57.5715942, 57.5007629, 57.739006, 57.4955025, 57.4783478,
    57.4783478, 57.5947227, 57.3474617, 57.4819679, 57.4031372,
    57.2182846, 57.2443504, 57.2443504, 57.3051834, 57.329998,
    57.3430862, 57.4229546, 57.5861511, 57.6629105, 57.707859, 57.707859,
    57.7097359, 57.8906555, 57.7645302, 57.8539085, 57.9647865,
    58.0868721, 58.1959381, 58.1959381, 58.0312424, 58.0155029,
    58.3578339, 58.4041824, 58.447464, 58.4935799, 58.6771393,
    58.6771393, 58.6295013, 58.624157, 58.8635864, 58.8570251,
    58.8634377, 59.0250206, 59.1482544, 59.1482544, 59.1482544,
    59.1616859, 58.1769981, 58.0486565, 58.2322388, 58.2042084,
    58.0159645, 58.0442963, 57.7078209, 57.8105202, 57.5954399,
    57.8493576, 57.7365723, 57.7418976, 57.7496071, 57.2804451,
    57.2804451, 56.8684502, 56.1203308, 55.9120827, 55.2919502,
    55.3406334, 54.9548378, 54.4326096, 54.3024406, 54.1588402,
    53.4036255, 53.2873573, 52.8453026, 52.6495399, 52.6901169,
    52.1264153, 52.1264153, 51.855587, 51.6855278, 51.4193726, 51.382122,
    51.3046761, 51.2215691, 51.0240936, 51.0240936, 50.7805405,
    50.6026192, 50.323452, 50.323452, 50.3845978, 50.610199, 50.4284286,
    50.3621826, 50.3621826, 50.3560715, 50.4457436, 50.5802269,
    50.6560287, 50.5505409, 50.7314262, 50.7314262, 51.0230713,
    51.1367569, 51.2701073, 51.3675995, 51.4000092, 51.4557037,
    51.6168365, 51.6168365, 52.0935173, 52.2129478, 53.5863991,
    54.0635071, 54.4015465, 54.9079361, 54.9689674, 55.3224831,
    55.400753, 56.1614952, 56.3870735, 57.0404968, 57.4694748,
    57.6442566, 58.0222321, 58.0222321, 58.2492981, 58.3245964,
    58.460804, 58.6757736, 58.8525276, 58.8440742, 58.8440742, 60.251358,
    60.3110237, 60.6809273, 60.6899948, 61.1746216, 60.9873924,
    61.1192474, 61.1192474, 61.1152534, 61.2686157, 61.340744,
    61.6601562, 61.9226608, 62.1010284, 62.0769997, 62.4001083,
    62.4001083, 62.4783287, 62.6746368, 62.9541855, 62.9541855,
    63.1809692, 63.299736, 63.299736, 63.7419014, 63.8493538, 64.001358,
    64.1597672, 64.4441757, 64.471405, 64.6929016, 64.9753265, 64.951973,
    65.1648254, 65.2765961, 65.4533463, 65.4576874, 65.6196365,
    65.6184692, 65.6427765, 65.5335846, 65.6427078, 65.6700363,
    65.804718, 65.8813019, 65.9590225, 66.2500076, 66.2500076,
    66.0516357, 66.0705948, 66.1100311, 65.9091415, 66.0056534,
    65.9001007, 65.9753952, 65.9155426, 65.9155426, 65.8337021,
    65.8337021, 65.7534714, 65.6608276, 65.6400986, 65.6400986,
