%YAML:1.0
---
camera_matrix: !!opencv-matrix
   rows: 3
   cols: 3
   dt: d
   data: [ 754.86337869618319, 0., 648.07251293441402, 0.,
       754.52563354783331, 341.39075621084555, 0., 0., 1. ]
dist_coeffs: !!opencv-matrix
   rows: 1
   cols: 5
   dt: d
   data: [ 0.18927234051223096, -0.5780340452782663,
       0.0015026268858295861, 0.0012851352712682455, 0.58282025526365078 ]
rvecs: !!opencv-matrix
   rows: 19
   cols: 1
   dt: "3d"
   data: [ -0.89629799234934671, -0.57939408355670674,
       0.20911754167496621, -0.84893671775946633, -0.47085674990673126,
       0.10226980412864758, -0.84709219039774331, 0.5688106687486455,
       -0.22363310578352691, -0.53023233011309523, -0.02570529086926095,
       -0.034664656427812537, -0.52714544824732412, 0.53734855284746408,
       -0.13034750192685207, -0.50787936998396621, 0.66698910325687311,
       -0.21103233919375036, -0.22923312267101092, 0.36615919502866079,
       -0.06720168683273213, -0.21257478901714591, 0.57186603469301067,
       -0.086525703868628789, -0.16657376366555743, 0.7732864085419523,
       -0.10350728922955853, 0.047101526460947604, -0.63066777718935862,
       0.080546129621657248, 0.079419606932161921, -0.46637637641330904,
       0.01388532289351016, 0.085973601705355146, 0.26374294009416438,
       -0.051773806474516973, 0.06857160204777063, 0.53656975977488852,
       -0.16317126030485793, 0.16752370347302944, 0.71235384429738413,
       -0.2677655378928383, 0.37200294913177273, -0.57401402222497455,
       0.26928360026077525, 0.35508087732716692, -0.4562264074699261,
       0.12196311495182177, 0.48148849772162344, -0.34369880031355632,
       -0.068426440584884618, 0.51687271785073907,
       -0.00059162095934025974, -0.31343371661034902, 0.2987714789320054,
       0.54181831242079415, -0.29262020062847161 ]
tvecs: !!opencv-matrix
   rows: 19
   cols: 1
   dt: "3d"
   data: [ 17.676871025342077, -51.204187577579681, 435.1460798743949,
       -52.733114977406487, -82.308288439670449, 467.89701946568624,
       -190.77187470127379, 1.1796325243921486, 492.60542099295924,
       -81.022214581799673, -101.31143378703646, 463.79220857434609,
       -153.31264462193792, -74.753019775933282, 474.88567369275097,
       -180.47995475483961, -32.524498421949062, 503.73010170281174,
       -80.36825300784119, -68.858811701354199, 474.4618221093026,
       -102.20110166699274, -65.01260030860351, 476.84357437907858,
       -116.54986609086014, -87.906453312861473, 495.70278706746092,
       -100.95162506562295, -108.69065179383098, 409.61186414656504,
       -104.98232584402834, -108.96644118517449, 376.38252219573809,
       -60.484020299886389, -40.922860946865065, 394.81609933302428,
       -111.52660252731384, -28.474518480406523, 459.91917454562395,
       -124.52899539478923, 22.261322276587045, 437.29588219607962,
       28.832480774680615, -27.810692795159639, 337.64227795092319,
       -19.204998469165474, -17.242970236449228, 312.16914386435559,
       -74.702121451109633, -36.32151539955759, 387.3696465806633,
       -78.284462066465096, 20.012269346750337, 384.9946244020532,
       -181.75785599970135, 26.095303161532293, 437.22857574621236 ]
image_size: [ 1280, 720 ]
rms: 0.23050016988537195
