%YAML:1.0
---
camera_matrix: !!opencv-matrix
   rows: 3
   cols: 3
   dt: d
   data: [ 757.34291619216594, 0., 627.26139735431434, 0.,
       759.67590480612432, 355.15264439326387, 0., 0., 1. ]
dist_coeffs: !!opencv-matrix
   rows: 1
   cols: 5
   dt: d
   data: [ 0.19306667734310631, -0.50200672739987062,
       -0.004825985291457933, -0.0022866789132225734,
       0.34335259853738509 ]
rvecs: !!opencv-matrix
   rows: 26
   cols: 1
   dt: "3d"
   data: [ -0.67536454269529778, -0.24881505713184546,
       -0.45854826383297564, -0.70182715486039526, -0.19702285069002559,
       -0.15911152321938923, -0.87779120143804434, 0.098664878045490775,
       0.28727006720033893, -1.0692271273416378, 0.41475730190497767,
       0.7427478960513928, -0.90427345421988348, 0.45968945782561493,
       0.84742987840383355, -0.64443616443740093, 0.35323125961877644,
       0.38613401753237658, -0.6305411874690523, 0.1665862412158812,
       0.083693312995394842, -0.76651243408249636, 0.086927798237060219,
       0.029792439577330167, -0.84503440146745756, -0.067863644467124215,
       -0.56580466080066938, -0.70018099703987868, -0.025335386434097738,
       -0.54598778162052986, -0.51241108495666798, -0.096806884171022997,
       -0.14801369089086161, -0.54606139190253344, 0.0075695866228319636,
       0.17409145719677696, -0.56554158907104723, 0.17636854944640951,
       0.35431973766247293, -0.64918788217857071, 0.2240186737856055,
       0.56272930091879525, -0.36273550827316264, 0.11956095493275593,
       0.016413119904445647, -0.36325481388940684, -0.027649421064669631,
       -0.0026381573061769747, -0.54688523974245817,
       -0.21940377561439769, -0.59213469780605676, 0.34258510839226647,
       0.42160684846364893, -0.76208579992981207, 0.19536070245435966,
       0.25636547785152486, -0.3949318581802978, 0.25182794688578858,
       -0.054742582954629061, -0.066028596508573303, 0.24268044035715594,
       -0.19842762516355628, 0.49798717672167919, 0.4318391338495246,
       -0.5122099001717626, 0.36679569193553396, 0.58521292523340041,
       -0.29999133333829647, 0.2714450753954239, 0.66784674739835093,
       0.031438264271343129, -0.13009058159778009, 0.71665241672119484,
       0.1241295853658531, -0.35817200337921928, 0.71602627514415684,
       0.13024189855475213, -0.35171540068569207 ]
tvecs: !!opencv-matrix
   rows: 26
   cols: 1
   dt: "3d"
   data: [ -108.64177420853233, -114.15131933388797, 437.06423896723237,
       -138.53533123376872, -79.832629373475896, 483.652490017258,
       -24.752672310842577, -41.974260567264494, 589.34471416002089,
       49.938379295013547, -40.418459585547048, 653.49667524139113,
       -25.739840398082457, -64.841603135514788, 666.98719897333274,
       -76.159226189082446, 11.788558858972435, 752.75714436202543,
       -66.829757104250135, -30.793765017502007, 778.11678162674298,
       -12.545153111324991, -23.857060503117289, 833.39958749574453,
       -119.30603174183473, 35.53900568332692, 682.37224077021756,
       27.093862066491937, 64.633464469895486, 811.61980883224521,
       -93.617679134370519, -87.306110509072894, 792.79759546320861,
       -68.640234478024325, -119.87477993142991, 799.12015596944821,
       -28.739525281345269, -133.76124712958062, 819.47673034949719,
       -54.962827974529525, -68.916743361098682, 857.10551355770303,
       -103.19927221915438, -76.476378519052645, 805.93353032934021,
       -70.223232721042478, -74.88968151739374, 768.72705756667619,
       -76.79692687791875, -11.563677871589581, 640.24793688601846,
       -109.58511711852748, 27.195312098575986, 507.01800712624339,
       -62.185892260672013, 49.604826684339606, 455.14453987275834,
       -105.52747594864482, -46.92954990599393, 375.54093484023213,
       12.538026382430949, -47.152238309508768, 353.32034122118472,
       -11.177864288858029, -30.516808204069964, 330.10567076487285,
       -42.554851241535857, -31.728115747911946, 259.04157683234826,
       -89.495254253134433, -24.540941368831785, 279.56095526365755,
       -144.01784779763571, -3.1017141270507285, 261.91139576398473,
       -138.95256332130299, -6.1838925791210073, 260.66806681851216 ]
image_size: [ 1280, 720 ]
rms: 0.32154011308468566
