%YAML:1.0
---
camera_matrix: !!opencv-matrix
   rows: 3
   cols: 3
   dt: d
   data: [ 752.75123634565966, 0., 643.23920840870289, 0.,
       754.03539961327806, 334.17590808516906, 0., 0., 1. ]
dist_coeffs: !!opencv-matrix
   rows: 1
   cols: 5
   dt: d
   data: [ 0.18267372410239865, -0.52373322918936294,
       -0.00029984573512277198, 0.002321778707335416,
       0.34479820235436592 ]
rvecs: !!opencv-matrix
   rows: 25
   cols: 1
   dt: "3d"
   data: [ -0.83658427117543033, -0.31383472198668283,
       -0.29262928640519259, -0.91796313622461978, -0.04561675548355941,
       0.1334953577005592, -0.97989786783118826, 0.1599421873552257,
       0.51032997333220698, -0.62752867125562228, -0.3728227403925482,
       0.066362175966117043, -0.63222329752953887, -0.34931991687554015,
       0.072082212868992981, -0.5955136857527521, -0.098180657970316942,
       0.14747817440416869, -0.61317980176214315, 0.19779666393174589,
       0.22100309209893965, -0.76266069758193178, 0.30892296293744287,
       0.69286334139942651, -0.29337008436434131, -0.61477310880074654,
       0.32792423240910079, -0.32244837674452814, -0.38988381064385319,
       0.24069204433525326, -0.34637423257465766, -0.095324068279260932,
       0.16755644387373753, -0.29091526906236975, 0.091813348796059818,
       0.096161099499818783, -0.28219552452279384, 0.31149424522671598,
       -0.048641674265254911, -0.35025047339271803, 0.48799940199722258,
       0.03935607667027944, 0.22406533148861493, -0.58776710196542525,
       -0.15636617016629734, 0.2221814913039139, -0.32348876798671,
       -0.12175117884462566, 0.16809558700368266, -0.054032758826909548,
       0.075980001020262589, 0.15666374504246233, 0.18919850717762393,
       0.16041751919875377, 0.15933936438732346, 0.43468432027543047,
       0.10434679662313098, 0.09113918334460025, 0.44972840771123884,
       0.13466736092452591, 0.52128929421577475, -0.36273564058912899,
       -0.14305119749484693, 0.50749602145605965, -0.25161407204497888,
       -0.016791286485242987, 0.43549528549238287, 0.090733914479787001,
       0.13940395949867063, 0.54080609929171497, 0.34140307000604786,
       0.20514742229760002, 0.41538412733851277, 0.65375116893057794,
       0.10048148795848315 ]
tvecs: !!opencv-matrix
   rows: 25
   cols: 1
   dt: "3d"
   data: [ -95.119175424345514, -38.804677047558805, 528.94745779395953,
       -64.750044853042212, -7.602750536879455, 523.36845094348166,
       -63.302670429302765, -13.868471001522718, 563.35635824216581,
       46.29335404523291, -37.026785413218498, 488.99390041586173,
       -35.53873338789068, -45.806277420342298, 462.31689563352614,
       -76.455285006615739, -70.614562642926586, 450.38010888213483,
       -71.265472781603492, -74.389586718066425, 466.46425097283293,
       -46.765821622363696, -96.210458812508605, 511.38617324846444,
       52.482757068385304, -85.062283927116127, 443.65922549320578,
       13.135666328640738, -98.640739297320508, 442.59063789333385,
       -36.957495802317354, -87.3063367521804, 439.21893926267114,
       -89.301258586812878, -82.330130103971413, 448.25982836984878,
       -124.46791328716476, -68.937389673181499, 441.14910050903444,
       -125.23278912458284, -77.535910694879348, 424.30973437263361,
       18.135627792668341, -104.50847361487624, 413.10148272269225,
       -30.578939198787481, -74.501815900198608, 382.71245637780112,
       -51.682967910934195, -23.245756733415813, 352.40289449445532,
       -96.259778436204925, -46.645136219202008, 356.37314357764541,
       -141.32870067309128, -63.463178655792007, 367.75707951497822,
       -166.21205097820547, -64.442325043877076, 363.84339634018835,
       17.568422909047165, -44.721888655648641, 330.94954509100745,
       -31.717312432798362, -17.415744164162366, 303.20810358990718,
       -105.30869321404079, -4.6303828294827314, 302.02540184851972,
       -124.33096729687129, -57.332301801944517, 298.5985164556991,
       -88.20728464908035, -80.686976718371412, 374.79386819983586 ]
image_size: [ 1280, 720 ]
rms: 0.2588410013067195
